RefDict = {
    "GFA_MWT_SKE_Basis":[[[1.0, 0.0, 0.0], [0.0, 1.0, 0.0], [0.0, 0.0, 1.0], [0.0, 0.0, 0.0]],'None'],
    "GFA_MWT_SKE_Body":[[[0.0, -5.340077535720411e-08, 1.0], [7.023368908676275e-08, -0.9999997615814209, -5.3400761146349396e-08], [1.0, 7.023370329761747e-08, 0.0], [-3.0122542238331107e-09, 0.0, 40.0]],'GFA_MWT_SKE_Basis'],
    "GFA_MWT_SKE_foot1L":[[[-0.026172183454036713, -0.02356157824397087, -0.9993797540664673], [0.9996572136878967, 0.00013674503134097904, -0.026182672008872032], [-0.0007535325130447745, 0.9997221827507019, -0.02354992926120758], [-0.9779490828514099, 3.57099986076355, 39.712982177734375]],'GFA_MWT_SKE_Body'],
    "GFA_MWT_SKE_foot2L":[[[-0.04567199945449829, -0.024203093722462654, -0.9986633062362671], [0.9989563822746277, -0.0005588287021964788, -0.04567186161875725], [-0.0005472857155837119, 0.9997066855430603, -0.024203363806009293], [-1.4097900390625, 3.1822338104248047, 23.22321891784668]],'GFA_MWT_SKE_foot1L'],
    "GFA_MWT_SKE_Bone06":[[[0.9628097414970398, 0.042923372238874435, -0.2667493224143982], [0.2607142925262451, 0.11145313084125519, 0.9589611291885376], [-0.07089187204837799, 0.9928420782089233, -0.09611743688583374], [-1.8009159564971924, 2.709994077682495, 3.7264461517333984]],'GFA_MWT_SKE_foot2L'],
    "GFA_MWT_SKE_foot3L":[[[0.9708353877067566, 0.030756663531064987, -0.23776638507843018], [-0.029873676598072052, 0.9995267391204834, 0.007316485047340393], [-0.2378789484500885, 1.695007085800171e-07, -0.9712948799133301], [-2.3460659980773926, 2.686070442199707, 2.750621795654297]],'GFA_MWT_SKE_foot2L'],
    "GFA_MWT_SKE_Bone07":[[[0.9708353877067566, 0.030756663531064987, -0.23776638507843018], [-0.029873676598072052, 0.9995267391204834, 0.007316485047340393], [-0.2378789484500885, 1.695007085800171e-07, -0.9712948799133301], [3.3818631172180176, 2.867534637451172, 1.3477997779846191]],'GFA_MWT_SKE_foot3L'],
    "GFA_MWT_SKE_foot1R":[[[-0.02616402506828308, 0.01865946501493454, -0.9994834661483765], [0.9996574521064758, -0.00011156786058563739, -0.02617065981030464], [-0.0005997909465804696, -0.999825656414032, -0.018650159239768982], [-0.9775499105453491, -3.571000337600708, 39.71296310424805]],'GFA_MWT_SKE_Body'],
    "GFA_MWT_SKE_foot2R":[[[-0.04570714384317398, 0.019301125779747963, -0.9987683892250061], [0.998954713344574, 0.0004891482531093061, -0.04570621997117996], [-0.0003935859422199428, -0.9998133778572083, -0.01930331625044346], [-1.4092562198638916, -3.263119697570801, 23.221481323242188]],'GFA_MWT_SKE_foot1R'],
    "GFA_MWT_SKE_Bone03":[[[0.962807834148407, -0.04408164322376251, -0.2665667235851288], [0.2607616186141968, -0.1067115068435669, 0.9594874382019043], [-0.07074148952960968, -0.9933121800422668, -0.09124790132045746], [-1.8010681867599487, -2.8865034580230713, 3.722644805908203]],'GFA_MWT_SKE_foot2R'],
    "GFA_MWT_SKE_foot3R":[[[0.9689238667488098, -0.07134194672107697, -0.23684750497341156], [0.06930144131183624, 0.997451663017273, -0.016940532252192497], [0.23745256662368774, 1.5273690223693848e-07, 0.9713990092277527], [-2.346252918243408, -2.8674468994140625, 2.7467288970947266]],'GFA_MWT_SKE_foot2R'],
    "GFA_MWT_SKE_Bone05":[[[0.9689238667488098, -0.07134194672107697, -0.23684750497341156], [0.06930144131183624, 0.997451663017273, -0.016940532252192497], [0.23745256662368774, 1.5273690223693848e-07, 0.9713990092277527], [3.37039852142334, -3.2883644104003906, 1.3493285179138184]],'GFA_MWT_SKE_foot3R'],
    "GFA_MWT_SKE_IK_LeftRight":[[[1.0, -4.495289829264948e-08, -6.151053736589427e-15], [4.495295158335466e-08, 1.0, -4.495295158335466e-08], [-6.907743420239004e-15, 4.495290539807684e-08, 1.0], [-3.0122542238331107e-09, -2.563236876085284e-07, 44.79999923706055]],'GFA_MWT_SKE_Body'],
    "GFA_MWT_SKE_IK_UpDown":[[[1.0, -4.495289829264948e-08, -6.151053736589427e-15], [-6.907743420239004e-15, 4.495290539807684e-08, 1.0], [-4.495295158335466e-08, -1.0, 4.495295158335466e-08], [-3.0122810912303066e-09, -8.19063643575646e-08, 48.68000030517578]],'GFA_MWT_SKE_IK_LeftRight'],
    "GFA_MWT_SKE_Clavicle_left":[[[1.0, -4.495289829264948e-08, -6.151053736589427e-15], [6.354633446780788e-15, 3.3998085768871533e-07, 1.0], [-4.495295158335466e-08, -1.0, 3.3998088611042476e-07], [-3.299999952316284, 0.9200006723403931, 59.76000213623047]],'GFA_MWT_SKE_IK_UpDown'],
    "GFA_MWT_SKE_Hand1L":[[[-0.08513984084129333, 0.6454572677612305, -0.7590363621711731], [0.8246541619300842, -0.3818979561328888, -0.4172523021697998], [-0.5591928958892822, -0.6614671945571899, -0.4997642934322357], [-3.179999828338623, 5.460000514984131, 58.02000045776367]],'GFA_MWT_SKE_Clavicle_left'],
    "GFA_MWT_SKE_Hand2L":[[[-0.0868978425860405, 0.6462700366973877, -0.7581451535224915], [0.8244712352752686, -0.38052064180374146, -0.41886940598487854], [-0.559192419052124, -0.661467432975769, -0.4997645318508148], [-4.167621612548828, 12.947309494018555, 49.21517562866211]],'GFA_MWT_SKE_Hand1L'],
    "GFA_MWT_SKE_Hand_rot1L":[[[-0.824471116065979, 0.380520761013031, 0.4188693165779114], [0.08689773827791214, -0.6462700963020325, 0.7581450343132019], [0.559192419052124, 0.6614672541618347, 0.4997645616531372], [-5.12175989151001, 20.043354034423828, 40.890743255615234]],'GFA_MWT_SKE_Hand2L'],
    "GFA_MWT_SKE_Palm1L":[[[-0.8244709968566895, 0.38052093982696533, 0.4188690185546875], [-0.5591921806335449, -0.6614673137664795, -0.4997645616531372], [0.08689764142036438, -0.6462697982788086, 0.7581446766853333], [-5.194755554199219, 20.586223602294922, 40.253902435302734]],'GFA_MWT_SKE_Hand_rot1L'],
    "GFA_MWT_SKE_Palm2L":[[[-0.08682313561439514, 0.6463581323623657, -0.7580777406692505], [0.5625126957893372, 0.6598462462425232, 0.49817806482315063], [0.8222171664237976, -0.3831748366355896, -0.4208751618862152], [-5.453711032867432, 22.512109756469727, 37.994632720947266]],'GFA_MWT_SKE_Palm1L'],
    "GFA_MWT_SKE_Palm3L":[[[-0.08698446303606033, 0.6461689472198486, -0.7582205533981323], [0.5624880790710449, 0.6600314974784851, 0.4979604482650757], [0.8222169280052185, -0.3831750452518463, -0.42087531089782715], [-5.5700531005859375, 23.378232955932617, 36.97880554199219]],'GFA_MWT_SKE_Palm2L'],
    "GFA_MWT_SKE_Palm2L_hide":[[[-0.08682284504175186, 0.6463590860366821, -0.7580780982971191], [0.5625126361846924, 0.6598471999168396, 0.4981781542301178], [0.8222171664237976, -0.3831753730773926, -0.4208759367465973], [-5.4537129402160645, 22.51211166381836, 37.994632720947266]],'GFA_MWT_SKE_Palm1L'],
    "GFA_MWT_SKE_Palm3L_hide":[[[-0.08698416501283646, 0.6461697816848755, -0.758220911026001], [0.5624876618385315, 0.6600325107574463, 0.4979607164859772], [0.8222171664237976, -0.3831753730773926, -0.4208759367465973], [-5.570052146911621, 23.378236770629883, 36.97880935668945]],'GFA_MWT_SKE_Palm2L_hide'],
    "GFA_MWT_SKE_Palm4L_hide":[[[-0.08698416501283646, 0.6461697816848755, -0.758220911026001], [0.5624876618385315, 0.6600325107574463, 0.4979607164859772], [0.8222171664237976, -0.3831753730773926, -0.4208759367465973], [-5.673387050628662, 24.145883560180664, 36.078041076660156]],'GFA_MWT_SKE_Palm3L_hide'],
    "GFA_MWT_SKE_Hand3L":[[[-0.08689796924591064, 0.6462700366973877, -0.758145272731781], [0.8244706988334656, -0.380521297454834, -0.4188699722290039], [-0.5591931939125061, -0.6614671349525452, -0.4997640550136566], [-5.12175989151001, 20.043354034423828, 40.890743255615234]],'GFA_MWT_SKE_Hand2L'],
    "GFA_MWT_SKE_left_hand":[[[0.9956210255622864, 0.20587283372879028, -0.3269496560096741], [0.055776700377464294, 0.8176722526550293, 0.6847198009490967], [0.3823203146457672, -0.6554149389266968, 0.7515336871147156], [-5.914909362792969, 21.324602127075195, 38.881832122802734]],'GFA_MWT_SKE_Hand2L'],
    "GFA_MWT_SKE_Clavicle_right":[[[1.0, -4.495289829264948e-08, -6.151053736589427e-15], [-2.6712327486143154e-15, 1.3919611774326768e-07, 1.0], [-4.495295158335466e-08, -1.0, 1.3919617458668654e-07], [-3.299999952316284, -0.919999361038208, 59.76000213623047]],'GFA_MWT_SKE_IK_UpDown'],
    "GFA_MWT_SKE_Hand1R":[[[-0.08513942360877991, -0.6454578042030334, -0.7590358853340149], [0.8246539235115051, 0.38189807534217834, -0.4172526001930237], [0.5591933131217957, -0.6614665389060974, 0.4997647702693939], [-3.180000066757202, -5.460000038146973, 58.02000427246094]],'GFA_MWT_SKE_Clavicle_right'],
    "GFA_MWT_SKE_Hand2R":[[[-0.08689966797828674, -0.6462716460227966, -0.7581435441970825], [0.8244701027870178, 0.3805198073387146, -0.4188723564147949], [0.5591938495635986, -0.6614663004875183, 0.49976450204849243], [-4.1676177978515625, -12.947311401367188, 49.215187072753906]],'GFA_MWT_SKE_Hand1R'],
    "GFA_MWT_SKE_Hand_rot1R":[[[-0.824470043182373, -0.380519837141037, 0.418872207403183], [0.08689963072538376, 0.6462716460227966, 0.7581434845924377], [-0.5591937899589539, 0.6614662408828735, -0.49976450204849243], [-5.1217756271362305, -20.043373107910156, 40.890769958496094]],'GFA_MWT_SKE_Hand2R'],
    "GFA_MWT_SKE_Palm1R":[[[0.824469804763794, 0.38051924109458923, -0.41887199878692627], [-0.5591937303543091, 0.6614663600921631, -0.4997635781764984], [0.08689963817596436, 0.6462709307670593, 0.7581424713134766], [-5.194770812988281, -20.586238861083984, 40.253929138183594]],'GFA_MWT_SKE_Hand_rot1R'],
    "GFA_MWT_SKE_Palm2R":[[[-0.08700162172317505, -0.646155595779419, -0.7582296133041382], [-0.5619588494300842, 0.6602911949157715, -0.4982123374938965], [0.8225765228271484, 0.3827480375766754, -0.4205586612224579], [-5.453732013702393, -22.512126922607422, 37.99466323852539]],'GFA_MWT_SKE_Palm1R'],
    "GFA_MWT_SKE_Palm3R":[[[-0.08679220080375671, -0.6464015245437622, -0.7580438256263733], [-0.5619912147521973, 0.6600505113601685, -0.49849483370780945], [0.8225764036178589, 0.3827477991580963, -0.4205588698387146], [-5.570315361022949, -23.377975463867188, 36.978633880615234]],'GFA_MWT_SKE_Palm2R'],
    "GFA_MWT_SKE_Palm2R_hide":[[[-0.08699992299079895, -0.6461554169654846, -0.7582305669784546], [-0.5619581937789917, 0.6602920889854431, -0.4982127845287323], [0.8225762844085693, 0.3827475905418396, -0.420560359954834], [-5.453732013702393, -22.512126922607422, 37.99466323852539]],'GFA_MWT_SKE_Palm1R'],
    "GFA_MWT_SKE_Palm3R_hide":[[[-0.08679064363241196, -0.6464012265205383, -0.758044958114624], [-0.56199049949646, 0.6600514054298401, -0.4984951615333557], [0.8225763440132141, 0.3827475607395172, -0.4205603301525116], [-5.570308685302734, -23.377973556518555, 36.978633880615234]],'GFA_MWT_SKE_Palm2R_hide'],
    "GFA_MWT_SKE_Palm4R_hide":[[[-0.08679065108299255, -0.6464012861251831, -0.7580450773239136], [-0.5619905591011047, 0.6600514650344849, -0.4984952211380005], [0.8225763440132141, 0.3827475607395172, -0.4205603301525116], [-5.67341423034668, -24.14590072631836, 36.07807159423828]],'GFA_MWT_SKE_Palm3R_hide'],
    "GFA_MWT_SKE_Hand3R":[[[-0.0868997648358345, -0.646271824836731, -0.7581436634063721], [0.824471116065979, 0.38051921129226685, -0.41887179017066956], [0.5591928958892822, -0.6614667177200317, 0.4997650384902954], [-5.1217756271362305, -20.043373107910156, 40.890769958496094]],'GFA_MWT_SKE_Hand2R'],
    "GFA_MWT_SKE_right_hand":[[[-0.026266619563102722, -0.6579574346542358, -0.8407991528511047], [1.0489581823349, 0.140736386179924, -0.1429012417793274], [0.19884055852890015, -0.829352617263794, 0.6427884101867676], [-5.914933204650879, -21.324626922607422, 38.881866455078125]],'GFA_MWT_SKE_Hand2R'],
    "GFA_MWT_SKE_Gun_back":[[[0.006478295661509037, -0.08852951228618622, 0.996052622795105], [-0.10638924688100815, 0.990358829498291, 0.08871552348136902], [-0.9943036437034607, -0.10654406249523163, -0.0030027879402041435], [-6.490578651428223, 0.8510190844535828, 38.811649322509766]],'GFA_MWT_SKE_IK_UpDown'],
    "GFA_MWT_SKE_Head":[[[1.0, -4.495289829264948e-08, -6.151053736589427e-15], [4.495295158335466e-08, 1.0, -4.495295158335466e-08], [-6.907743420239004e-15, 4.495290539807684e-08, 1.0], [-3.7799999713897705, 6.643118695137673e-07, 61.5]],'GFA_MWT_SKE_IK_UpDown'],
    "GFA_MWT_SKE_VISOR":[[[0.9999998807907104, 4.773028194904327e-07, -7.450580596923828e-08], [-5.047768354415894e-07, 1.0000001192092896, 1.2293457984924316e-06], [-5.960464477539063e-08, -1.2442469596862793e-06, 1.000000238418579], [1.6004583835601807, 7.1328490776068065e-06, 66.912353515625]],'GFA_MWT_SKE_Head'],
    "GFA_MWT_SKE_placement":[[[-1.9173272747252668e-08, -0.9999998211860657, -1.72610057802558e-07], [-8.946732243941824e-09, 1.7261008622426743e-07, -1.000000238418579], [1.0, -1.9173228338331683e-08, -8.94674290208286e-09], [-1.893478085435163e-08, -1.5814291032256733e-07, 41.56621551513672]],'GFA_MWT_SKE_Body'],
    "GFA_MWT_SKE_Foresight2rot":[[[1.0, 0.0, 0.0], [0.0, 1.0, 0.0], [0.0, 0.0, 1.0], [27.485816955566406, 0.04937510937452316, 55.18938064575195]],'GFA_MWT_SKE_Basis'],
    "GFA_MWT_SKE_Palm_IK_holder_left02":[[[-0.08689771592617035, 0.6462699174880981, -0.7581449747085571], [0.8244709968566895, -0.3805205523967743, -0.4188694357872009], [-0.5591925978660583, -0.6614673733711243, -0.49976447224617004], [-4.16762113571167, 12.947309494018555, 49.21517562866211]],'GFA_MWT_SKE_Basis'],
    "GFA_MWT_SKE_Palm_IK_holder_left01":[[[-0.824471116065979, 0.3805202841758728, 0.4188694953918457], [0.08689785748720169, -0.6462699174880981, 0.7581449747085571], [0.5591925382614136, 0.6614672541618347, 0.49976447224617004], [-4.98967170715332, 19.06102180480957, 42.04312515258789]],'GFA_MWT_SKE_Palm_IK_holder_left02'],
    "GFA_MWT_SKE_Palm_IK_holder_left":[[[-0.8244709968566895, 0.38052064180374146, 0.4188690185546875], [-0.5591924786567688, -0.6614670753479004, -0.49976450204849243], [0.08689737319946289, -0.646269679069519, 0.7581451535224915], [-5.052238941192627, 19.526338577270508, 41.49726104736328]],'GFA_MWT_SKE_Palm_IK_holder_left01'],
    "GFA_MWT_SKE_IK Chain08":[[[-0.8221839666366577, 0.37750017642974854, 0.42603614926338196], [-0.4995132386684418, -0.8373771905899048, -0.2220032662153244], [0.2729467749595642, -0.3953382074832916, 0.8770448565483093], [-5.747420787811279, 24.69649887084961, 35.43210220336914]],'GFA_MWT_SKE_Palm_IK_holder_left'],
    "GFA_MWT_SKE_Palm_IK_holder_right02":[[[-0.0868997871875763, -0.6462718844413757, -0.7581439018249512], [0.824469804763794, 0.380519837141037, -0.41887229681015015], [0.5591936707496643, -0.661466121673584, 0.4997643530368805], [-4.1676177978515625, -12.947311401367188, 49.21518325805664]],'GFA_MWT_SKE_Basis'],
    "GFA_MWT_SKE_Palm_IK_holder_right01":[[[-0.8244697451591492, -0.3805201053619385, 0.41887232661247253], [0.08689969778060913, 0.6462715864181519, 0.7581441402435303], [-0.5591940879821777, 0.6614664196968079, -0.4997643232345581], [-4.989690780639648, -19.06104278564453, 42.04314041137695]],'GFA_MWT_SKE_Palm_IK_holder_right02'],
    "GFA_MWT_SKE_Palm_IK_holder_right":[[[0.824469804763794, 0.38051971793174744, -0.41887205839157104], [-0.5591936707496643, 0.6614665985107422, -0.4997643232345581], [0.0868997573852539, 0.6462716460227966, 0.7581440210342407], [-5.0522589683532715, -19.5263614654541, 41.497276306152344]],'GFA_MWT_SKE_Palm_IK_holder_right01'],
    "GFA_MWT_SKE_IK Chain07":[[[0.8218505382537842, 0.37691831588745117, -0.42719215154647827], [-0.49452823400497437, 0.8442815542221069, -0.20647235214710236], [0.2828473150730133, 0.3809485137462616, 0.880270779132843], [-5.747457981109619, -24.696533203125, 35.432125091552734]],'GFA_MWT_SKE_Palm_IK_holder_right'],
}